1995305
3731321
4545041
4946433
5079348
5791720
5859124
5868814
5944764
7272205
7304449
7582793
8190958
8284382
9531271
9591560
9715957
9716727
9717341
9838000
10384327
10585782
10960093
11187320
11341162
11654343
4856658
5515259
5649085
6187812
6264426
7505644
8167877
8387281
8507979
8561063
8564198
9113974
9117378
9138406
9138452
9202551
9328653
9508489
9530511
9593432
9643210
9654450
9825426
9953754
10193199
10668092
11918550
12688403
2164791
3941669
5122206
5513232
5859112
5943385
7091150
7352892
7596910
8837812
8869922
9222296
9426508
9655532
9705079
9726699
9730163
9776485
9836960
9897967
10731839
11717068
11752690
11861787
11868209
12302994
12644136
2283749
2693779
2832720
2834637
3232191
3340246
3453233
3561148
3629595
3631048
3642851
4448009
4545209
4726552
4730040
5002836
5181762
5354341
5438886
5513833
5602310
5603484
5953947
6037009
6102091
6102845
6183400
6183736
6214037
6424725
6605595
6672297
6676217
6693042
6752213
6761765
6768613
6776555
6805049
6837702
6847171
7022137
7102366
7102500
7185487
7185789
7350067
7500850
7659103
7661403
7734382
7799514
7849191
7903237
7938787
8040522
8082302
8197652
8213019
8233951
8236114
8302467
8331947
8344757
8416220
8431077
8496410
8548052
8611876
8647238
8655334
8669203
8733898
8815854
8872565
8937178
8939955
8956025
8977910
9203794
9265282
9582827
9595546
9611538
9612825
9642890
9655679
9715286
9715460
9717123
9836326
9836425
9836628
9836833
9838371
9897336
9957818
10017286
10066002
10251759
10318386
10324321
10330511
10396501
10449173
10455009
10548640
10599274
10647081
10647233
10709619
10710233
10732063
11137723
11137924
11462594
11462900
11603184
11702373
11709473
11769369
11876227
11920155
11925804
12059261
12066676
12159633
12166644
12204358
12351607
4248433
4917182
5341486
3219046
3940072
3954332
4568065
4741907
5126248
5256590
5603847
5868793
6117602
6233711
6444896
6471285
6665209
7008143
7177371
7341653
7505473
7809767
8332355
8493421
8611599
8776305
8804334
8933586
9004724
9005690
9654642
9715985
9776037
9880519
9992786
10275253
10285569
10351279
10448377
10452252
10538002
10548992
10647424
10665619
10841791
10910277
11013311
11145819
11288756
12068325
12505701
1433760
2983661
3101838
3228276
4909186
4921143
5112508
5435958
5716508
5855851
5941130
6060042
6460812
6507276
6510539
6925256
7350394
7731089
7731963
7739468
8221528
8222581
8393988
8604803
8735884
8878564
8888573
9028977
9090909
9111293
9210374
9579384
9710717
9837302
10004407
10186824
10320084
10456779
10522057
10557342
10598142
10651319
10659335
10784750
10907400
11025770
11027877
11295657
11400756
11548779
11558721
11612157
11612159
11652732
11855853
12071873
12102994
12305237
12508767
3443923
3556888
3629762
3838516
4037286
4039602
4137629
4142913
4173772
4644194
4862505
5256612
5435955
5608002
5630476
5802041
5966669
6029542
6099502
6110166
6181143
6209585
6365513
6423922
6431170
6784660
7094638
7094777
7100573
7265390
7298281
7341517
7668390
7676799
7678417
7757418
7820535
7830804
7941437
7957625
8247428
8408875
8409924
8414250
8526622
8557567
8573327
8631743
8825565
8846163
8935655
9048032
9153593
9268481
9326073
9391230
9396972
9401964
9471335
9476089
9516961
9533040
9581479
9593909
9631940
9645092
9653548
9654304
9655322
9655551
9655667
9659082
9711491
9754582
9784820
9912373
10057939
10158029
10267155
10273058
10274090
10339105
10453314
10819154
10877432
10924100
10932417
10963537
10991155
11126343
11237082
11251839
11389346
11442458
11456603
11503101
11597669
11709022
11862609
12101934
12156321
12168731
12645891
12735831
2831828
2971472
3545104
3735000
4068926
4581084
4938090
5597723
5855479
6201164
6580019
6751111
7025613
7663056
7960044
8154114
8738977
8881388
8935942
9006264
9153754
9201463
9475080
9517514
9530715
9817857
9933524
9942231
10322878
10345684
10649277
10905192
11175934
11196417
11293949
12117672
