     1    29    53    81
     2    30    54    82
     3    31    55    83
     4    32    56    84
     5    33    49    77
     6    34    50    78
     7    35    51    79
     8    36    52    80
     9    13    69    73
    10    14    70    74
    11    15    71    75
    12    16    72    76
    17    25    57    65
    18    26    58    66
    19    27    59    67
    20    28    60    68
    21    37    45    61
    22    38    46    62
    23    39    47    63
    24    40    48    64
    41    42    43    44
